R=10;
C=0.00001;